deepset/gbert-base

**************************************************Cross-validation number 1**************************************************

              precision    recall  f1-score   support

     ADDRESS     1.0000    0.9867    0.9933        75
       AGREE     1.0000    0.3333    0.5000         3
      ASSERT     0.7167    0.7288    0.7227       118
  COMMISSIVE     1.0000    0.5000    0.6667         4
    COMPLAIN     0.4605    0.6863    0.5512        51
    EXCLUDED     0.5000    0.3333    0.4000         3
       GUESS     0.5000    0.6000    0.5455         5
       OTHER     0.7647    0.8667    0.8125        15
     PREDICT     0.6667    0.2857    0.4000         7
     REJOICE     0.0000    0.0000    0.0000         3
     REQUEST     0.9032    0.8485    0.8750        33
     REQUIRE     0.4783    0.6875    0.5641        16
     SUGGEST     0.0000    0.0000    0.0000         3
     SUSTAIN     0.0000    0.0000    0.0000         3
      UNSURE     0.3077    0.1333    0.1860        30
        WISH     0.0000    0.0000    0.0000         2
expressEMOJI     0.9545    1.0000    0.9767        21

    accuracy                         0.7168       392
   macro avg     0.5443    0.4700    0.4820       392
weighted avg     0.7064    0.7168    0.7014       392

**************************************************Cross-validation number 2**************************************************

              precision    recall  f1-score   support

     ADDRESS     1.0000    1.0000    1.0000        75
       AGREE     0.0000    0.0000    0.0000         3
      ASSERT     0.6667    0.7627    0.7115       118
  COMMISSIVE     0.6667    0.5000    0.5714         4
    COMPLAIN     0.4915    0.5686    0.5273        51
    EXCLUDED     0.5000    0.3333    0.4000         3
       GUESS     0.2857    0.4000    0.3333         5
       OTHER     0.7333    0.7333    0.7333        15
     PREDICT     1.0000    0.4286    0.6000         7
     REJOICE     0.0000    0.0000    0.0000         3
     REQUEST     0.9667    0.8788    0.9206        33
     REQUIRE     0.5000    0.6250    0.5556        16
     SUGGEST     0.0000    0.0000    0.0000         3
     SUSTAIN     0.0000    0.0000    0.0000         3
      UNSURE     0.1818    0.1333    0.1538        30
        WISH     0.0000    0.0000    0.0000         2
expressEMOJI     1.0000    1.0000    1.0000        21

    accuracy                         0.7066       392
   macro avg     0.4701    0.4332    0.4416       392
weighted avg     0.6854    0.7066    0.6915       392

**************************************************Cross-validation number 3**************************************************

              precision    recall  f1-score   support

     ADDRESS     1.0000    0.9867    0.9933        75
       AGREE     1.0000    0.3333    0.5000         3
      ASSERT     0.6894    0.7712    0.7280       118
  COMMISSIVE     1.0000    0.5000    0.6667         4
    COMPLAIN     0.5902    0.7059    0.6429        51
    EXCLUDED     1.0000    0.6667    0.8000         3
       GUESS     0.2000    0.2000    0.2000         5
       OTHER     0.9286    0.8667    0.8966        15
     PREDICT     0.5000    0.4286    0.4615         7
     REJOICE     0.3333    0.3333    0.3333         3
     REQUEST     0.8889    0.9697    0.9275        33
     REQUIRE     0.6667    0.3750    0.4800        16
     SUGGEST     0.0000    0.0000    0.0000         3
     SUSTAIN     0.0000    0.0000    0.0000         3
      UNSURE     0.2963    0.2667    0.2807        30
        WISH     0.0000    0.0000    0.0000         2
expressEMOJI     1.0000    0.9524    0.9756        21

    accuracy                         0.7398       392
   macro avg     0.5937    0.4915    0.5227       392
weighted avg     0.7290    0.7398    0.7286       392

**************************************************Cross-validation number 4**************************************************

              precision    recall  f1-score   support

     ADDRESS     1.0000    0.9867    0.9933        75
       AGREE     0.0000    0.0000    0.0000         3
      ASSERT     0.7200    0.7627    0.7407       118
  COMMISSIVE     0.7500    0.7500    0.7500         4
    COMPLAIN     0.4545    0.5882    0.5128        51
    EXCLUDED     1.0000    0.3333    0.5000         3
       GUESS     0.2500    0.4000    0.3077         5
       OTHER     1.0000    0.8000    0.8889        15
     PREDICT     0.7000    1.0000    0.8235         7
     REJOICE     0.0000    0.0000    0.0000         3
     REQUEST     0.8750    0.8485    0.8615        33
     REQUIRE     0.5625    0.5625    0.5625        16
     SUGGEST     0.0000    0.0000    0.0000         3
     SUSTAIN     0.0000    0.0000    0.0000         3
      UNSURE     0.2857    0.2000    0.2353        30
        WISH     0.0000    0.0000    0.0000         2
expressEMOJI     0.9545    1.0000    0.9767        21

    accuracy                         0.7219       392
   macro avg     0.5031    0.4842    0.4796       392
weighted avg     0.7061    0.7219    0.7097       392

**************************************************Cross-validation number 5**************************************************

              precision    recall  f1-score   support

     ADDRESS     1.0000    1.0000    1.0000        75
       AGREE     1.0000    0.3333    0.5000         3
      ASSERT     0.6741    0.7712    0.7194       118
  COMMISSIVE     0.7500    0.7500    0.7500         4
    COMPLAIN     0.5088    0.5686    0.5370        51
    EXCLUDED     0.5000    0.3333    0.4000         3
       GUESS     0.5000    0.4000    0.4444         5
       OTHER     0.8333    1.0000    0.9091        15
     PREDICT     0.5000    0.4286    0.4615         7
     REJOICE     0.3333    0.3333    0.3333         3
     REQUEST     1.0000    0.7879    0.8814        33
     REQUIRE     0.7273    0.5000    0.5926        16
     SUGGEST     1.0000    0.3333    0.5000         3
     SUSTAIN     0.0000    0.0000    0.0000         3
      UNSURE     0.2143    0.2000    0.2069        30
        WISH     1.0000    0.5000    0.6667         2
expressEMOJI     1.0000    0.9524    0.9756        21

    accuracy                         0.7219       392
   macro avg     0.6789    0.5407    0.5811       392
weighted avg     0.7259    0.7219    0.7172       392

************************************************Results of 5 fold cross-validation************************************************

              precision     recall   f1-score    support

     ADDRESS     1.0000     0.9920     0.9960      75.00
       AGREE     0.6000     0.2000     0.3000       3.00
      ASSERT     0.6934     0.7593     0.7245     118.00
  COMMISSIVE     0.8333     0.6000     0.6810       4.00
    COMPLAIN     0.5011     0.6235     0.5542      51.00
    EXCLUDED     0.7000     0.4000     0.5000       3.00
       GUESS     0.3471     0.4000     0.3662       5.00
       OTHER     0.8520     0.8533     0.8481      15.00
     PREDICT     0.6733     0.5143     0.5493       7.00
     REJOICE     0.1333     0.1333     0.1333       3.00
     REQUEST     0.9268     0.8667     0.8932      33.00
     REQUIRE     0.5869     0.5500     0.5510      16.00
     SUGGEST     0.2000     0.0667     0.1000       3.00
     SUSTAIN     0.0000     0.0000     0.0000       3.00
      UNSURE     0.2572     0.1867     0.2126      30.00
        WISH     0.2000     0.1000     0.1333       2.00
expressEMOJI     0.9818     0.9810     0.9809      21.00

    accuracy                           0.7214     392.00
   macro avg     0.5580     0.4839     0.5014     392.00
weighted avg     0.7106     0.7214     0.7097     392.00
