dbmdz/bert-base-german-cased

**************************************************Cross-validation number 1**************************************************

              precision    recall  f1-score   support

     ADDRESS     0.9867    0.9867    0.9867        75
       AGREE     0.0000    0.0000    0.0000         3
      ASSERT     0.7188    0.7797    0.7480       118
  COMMISSIVE     0.7500    0.7500    0.7500         4
    COMPLAIN     0.5161    0.6275    0.5664        51
    EXCLUDED     0.5000    0.3333    0.4000         3
       GUESS     1.0000    0.6000    0.7500         5
       OTHER     0.8125    0.8667    0.8387        15
     PREDICT     0.5000    0.4286    0.4615         7
     REJOICE     0.0000    0.0000    0.0000         3
     REQUEST     0.9032    0.8485    0.8750        33
     REQUIRE     0.6667    0.6250    0.6452        16
     SUGGEST     0.0000    0.0000    0.0000         3
     SUSTAIN     0.0000    0.0000    0.0000         3
      UNSURE     0.4231    0.3667    0.3929        30
        WISH     1.0000    0.5000    0.6667         2
expressEMOJI     1.0000    1.0000    1.0000        21

    accuracy                         0.7449       392
   macro avg     0.5751    0.5125    0.5342       392
weighted avg     0.7308    0.7449    0.7353       392

**************************************************Cross-validation number 2**************************************************

              precision    recall  f1-score   support

     ADDRESS     1.0000    1.0000    1.0000        75
       AGREE     0.0000    0.0000    0.0000         3
      ASSERT     0.6391    0.7203    0.6773       118
  COMMISSIVE     0.6667    0.5000    0.5714         4
    COMPLAIN     0.4912    0.5490    0.5185        51
    EXCLUDED     0.6667    0.6667    0.6667         3
       GUESS     0.2857    0.4000    0.3333         5
       OTHER     0.7857    0.7333    0.7586        15
     PREDICT     0.6667    0.2857    0.4000         7
     REJOICE     0.0000    0.0000    0.0000         3
     REQUEST     0.9667    0.8788    0.9206        33
     REQUIRE     0.7059    0.7500    0.7273        16
     SUGGEST     0.0000    0.0000    0.0000         3
     SUSTAIN     0.0000    0.0000    0.0000         3
      UNSURE     0.2083    0.1667    0.1852        30
        WISH     1.0000    0.5000    0.6667         2
expressEMOJI     1.0000    1.0000    1.0000        21

    accuracy                         0.7015       392
   macro avg     0.5343    0.4794    0.4956       392
weighted avg     0.6899    0.7015    0.6924       392

**************************************************Cross-validation number 3**************************************************

              precision    recall  f1-score   support

     ADDRESS     1.0000    0.9867    0.9933        75
       AGREE     0.5000    0.3333    0.4000         3
      ASSERT     0.7419    0.7797    0.7603       118
  COMMISSIVE     0.5000    0.5000    0.5000         4
    COMPLAIN     0.5538    0.7059    0.6207        51
    EXCLUDED     1.0000    0.6667    0.8000         3
       GUESS     0.3333    0.2000    0.2500         5
       OTHER     0.9286    0.8667    0.8966        15
     PREDICT     0.4286    0.4286    0.4286         7
     REJOICE     0.0000    0.0000    0.0000         3
     REQUEST     0.8649    0.9697    0.9143        33
     REQUIRE     0.7500    0.3750    0.5000        16
     SUGGEST     0.0000    0.0000    0.0000         3
     SUSTAIN     0.0000    0.0000    0.0000         3
      UNSURE     0.3871    0.4000    0.3934        30
        WISH     0.0000    0.0000    0.0000         2
expressEMOJI     1.0000    0.9524    0.9756        21

    accuracy                         0.7500       392
   macro avg     0.5287    0.4803    0.4960       392
weighted avg     0.7374    0.7500    0.7389       392

**************************************************Cross-validation number 4**************************************************

              precision    recall  f1-score   support

     ADDRESS     1.0000    0.9867    0.9933        75
       AGREE     0.0000    0.0000    0.0000         3
      ASSERT     0.6963    0.7966    0.7431       118
  COMMISSIVE     1.0000    0.7500    0.8571         4
    COMPLAIN     0.4510    0.4510    0.4510        51
    EXCLUDED     1.0000    0.3333    0.5000         3
       GUESS     0.1667    0.2000    0.1818         5
       OTHER     0.9333    0.9333    0.9333        15
     PREDICT     0.5000    0.8571    0.6316         7
     REJOICE     0.0000    0.0000    0.0000         3
     REQUEST     0.9032    0.8485    0.8750        33
     REQUIRE     0.6316    0.7500    0.6857        16
     SUGGEST     1.0000    0.3333    0.5000         3
     SUSTAIN     0.0000    0.0000    0.0000         3
      UNSURE     0.2273    0.1667    0.1923        30
        WISH     1.0000    0.5000    0.6667         2
expressEMOJI     1.0000    1.0000    1.0000        21

    accuracy                         0.7245       392
   macro avg     0.6182    0.5239    0.5418       392
weighted avg     0.7098    0.7245    0.7114       392

**************************************************Cross-validation number 5**************************************************

              precision    recall  f1-score   support

     ADDRESS     1.0000    1.0000    1.0000        75
       AGREE     1.0000    0.3333    0.5000         3
      ASSERT     0.6423    0.7458    0.6902       118
  COMMISSIVE     0.6000    0.7500    0.6667         4
    COMPLAIN     0.5273    0.5686    0.5472        51
    EXCLUDED     0.5000    0.3333    0.4000         3
       GUESS     0.5000    0.2000    0.2857         5
       OTHER     0.8333    1.0000    0.9091        15
     PREDICT     0.6250    0.7143    0.6667         7
     REJOICE     1.0000    0.3333    0.5000         3
     REQUEST     1.0000    0.7879    0.8814        33
     REQUIRE     0.6923    0.5625    0.6207        16
     SUGGEST     0.6667    0.6667    0.6667         3
     SUSTAIN     0.0000    0.0000    0.0000         3
      UNSURE     0.2000    0.1667    0.1818        30
        WISH     0.0000    0.0000    0.0000         2
expressEMOJI     1.0000    1.0000    1.0000        21

    accuracy                         0.7194       392
   macro avg     0.6345    0.5390    0.5598       392
weighted avg     0.7144    0.7194    0.7102       392

************************************************Results of 5 fold cross-validation************************************************

              precision     recall   f1-score    support

     ADDRESS     0.9973     0.9920     0.9946      75.00
       AGREE     0.3000     0.1333     0.1800       3.00
      ASSERT     0.6877     0.7644     0.7238     118.00
  COMMISSIVE     0.7033     0.6500     0.6690       4.00
    COMPLAIN     0.5079     0.5804     0.5407      51.00
    EXCLUDED     0.7333     0.4667     0.5533       3.00
       GUESS     0.4571     0.3200     0.3602       5.00
       OTHER     0.8587     0.8800     0.8673      15.00
     PREDICT     0.5440     0.5429     0.5177       7.00
     REJOICE     0.2000     0.0667     0.1000       3.00
     REQUEST     0.9276     0.8667     0.8933      33.00
     REQUIRE     0.6893     0.6125     0.6358      16.00
     SUGGEST     0.3333     0.2000     0.2333       3.00
     SUSTAIN     0.0000     0.0000     0.0000       3.00
      UNSURE     0.2892     0.2533     0.2691      30.00
        WISH     0.6000     0.3000     0.4000       2.00
expressEMOJI     1.0000     0.9905     0.9951      21.00

    accuracy                           0.7281     392.00
   macro avg     0.5782     0.5070     0.5255     392.00
weighted avg     0.7165     0.7281     0.7176     392.00
