dbmdz/bert-base-german-uncased

**************************************************Cross-validation number 1**************************************************

              precision    recall  f1-score   support

     ADDRESS     1.0000    0.9867    0.9933        75
       AGREE     0.0000    0.0000    0.0000         3
      ASSERT     0.6866    0.7797    0.7302       118
  COMMISSIVE     0.7500    0.7500    0.7500         4
    COMPLAIN     0.5577    0.5686    0.5631        51
    EXCLUDED     0.2500    0.3333    0.2857         3
       GUESS     0.7500    0.6000    0.6667         5
       OTHER     0.8667    0.8667    0.8667        15
     PREDICT     0.5000    0.1429    0.2222         7
     REJOICE     0.0000    0.0000    0.0000         3
     REQUEST     0.9032    0.8485    0.8750        33
     REQUIRE     0.6667    0.7500    0.7059        16
     SUGGEST     0.5000    0.3333    0.4000         3
     SUSTAIN     0.0000    0.0000    0.0000         3
      UNSURE     0.2759    0.2667    0.2712        30
        WISH     1.0000    0.5000    0.6667         2
expressEMOJI     1.0000    1.0000    1.0000        21

    accuracy                         0.7321       392
   macro avg     0.5710    0.5133    0.5292       392
weighted avg     0.7186    0.7321    0.7218       392

**************************************************Cross-validation number 2**************************************************

              precision    recall  f1-score   support

     ADDRESS     1.0000    1.0000    1.0000        75
       AGREE     0.0000    0.0000    0.0000         3
      ASSERT     0.6458    0.7881    0.7099       118
  COMMISSIVE     0.6667    0.5000    0.5714         4
    COMPLAIN     0.6275    0.6275    0.6275        51
    EXCLUDED     1.0000    0.6667    0.8000         3
       GUESS     0.6667    0.4000    0.5000         5
       OTHER     0.8462    0.7333    0.7857        15
     PREDICT     0.8000    0.5714    0.6667         7
     REJOICE     0.0000    0.0000    0.0000         3
     REQUEST     0.9667    0.8788    0.9206        33
     REQUIRE     0.6000    0.7500    0.6667        16
     SUGGEST     0.0000    0.0000    0.0000         3
     SUSTAIN     0.0000    0.0000    0.0000         3
      UNSURE     0.1818    0.1333    0.1538        30
        WISH     1.0000    0.5000    0.6667         2
expressEMOJI     1.0000    1.0000    1.0000        21

    accuracy                         0.7347       392
   macro avg     0.5883    0.5029    0.5335       392
weighted avg     0.7154    0.7347    0.7204       392

**************************************************Cross-validation number 3**************************************************

              precision    recall  f1-score   support

     ADDRESS     1.0000    0.9867    0.9933        75
       AGREE     0.0000    0.0000    0.0000         3
      ASSERT     0.7040    0.7458    0.7243       118
  COMMISSIVE     0.5000    0.5000    0.5000         4
    COMPLAIN     0.5000    0.6471    0.5641        51
    EXCLUDED     1.0000    0.6667    0.8000         3
       GUESS     0.2500    0.2000    0.2222         5
       OTHER     0.9286    0.8667    0.8966        15
     PREDICT     0.5000    0.4286    0.4615         7
     REJOICE     0.5000    0.3333    0.4000         3
     REQUEST     0.8611    0.9394    0.8986        33
     REQUIRE     0.7273    0.5000    0.5926        16
     SUGGEST     0.0000    0.0000    0.0000         3
     SUSTAIN     0.0000    0.0000    0.0000         3
      UNSURE     0.3333    0.3000    0.3158        30
        WISH     0.0000    0.0000    0.0000         2
expressEMOJI     1.0000    1.0000    1.0000        21

    accuracy                         0.7296       392
   macro avg     0.5179    0.4773    0.4923       392
weighted avg     0.7138    0.7296    0.7187       392

**************************************************Cross-validation number 4**************************************************

              precision    recall  f1-score   support

     ADDRESS     1.0000    0.9867    0.9933        75
       AGREE     0.0000    0.0000    0.0000         3
      ASSERT     0.7071    0.8390    0.7674       118
  COMMISSIVE     1.0000    0.7500    0.8571         4
    COMPLAIN     0.4423    0.4510    0.4466        51
    EXCLUDED     1.0000    0.3333    0.5000         3
       GUESS     0.2857    0.4000    0.3333         5
       OTHER     1.0000    0.9333    0.9655        15
     PREDICT     0.5714    0.5714    0.5714         7
     REJOICE     0.0000    0.0000    0.0000         3
     REQUEST     0.9032    0.8485    0.8750        33
     REQUIRE     0.7143    0.6250    0.6667        16
     SUGGEST     0.0000    0.0000    0.0000         3
     SUSTAIN     0.0000    0.0000    0.0000         3
      UNSURE     0.2400    0.2000    0.2182        30
        WISH     0.5000    0.5000    0.5000         2
expressEMOJI     0.9545    1.0000    0.9767        21

    accuracy                         0.7296       392
   macro avg     0.5482    0.4964    0.5101       392
weighted avg     0.7090    0.7296    0.7156       392

**************************************************Cross-validation number 5**************************************************

              precision    recall  f1-score   support

     ADDRESS     1.0000    1.0000    1.0000        75
       AGREE     0.0000    0.0000    0.0000         3
      ASSERT     0.6667    0.8305    0.7396       118
  COMMISSIVE     0.7500    0.7500    0.7500         4
    COMPLAIN     0.6170    0.5686    0.5918        51
    EXCLUDED     0.5000    0.3333    0.4000         3
       GUESS     0.6667    0.4000    0.5000         5
       OTHER     0.8824    1.0000    0.9375        15
     PREDICT     0.6667    0.5714    0.6154         7
     REJOICE     0.3333    0.3333    0.3333         3
     REQUEST     0.9643    0.8182    0.8852        33
     REQUIRE     1.0000    0.5000    0.6667        16
     SUGGEST     0.5000    0.3333    0.4000         3
     SUSTAIN     0.0000    0.0000    0.0000         3
      UNSURE     0.1429    0.1333    0.1379        30
        WISH     0.0000    0.0000    0.0000         2
expressEMOJI     1.0000    1.0000    1.0000        21

    accuracy                         0.7372       392
   macro avg     0.5700    0.5042    0.5269       392
weighted avg     0.7308    0.7372    0.7264       392

************************************************Results of 5 fold cross-validation************************************************

              precision     recall   f1-score    support

     ADDRESS     1.0000     0.9920     0.9960      75.00
       AGREE     0.0000     0.0000     0.0000       3.00
      ASSERT     0.6820     0.7966     0.7343     118.00
  COMMISSIVE     0.7333     0.6500     0.6857       4.00
    COMPLAIN     0.5489     0.5725     0.5586      51.00
    EXCLUDED     0.7500     0.4667     0.5571       3.00
       GUESS     0.5238     0.4000     0.4444       5.00
       OTHER     0.9047     0.8800     0.8904      15.00
     PREDICT     0.6076     0.4571     0.5074       7.00
     REJOICE     0.1667     0.1333     0.1467       3.00
     REQUEST     0.9197     0.8667     0.8909      33.00
     REQUIRE     0.7416     0.6250     0.6597      16.00
     SUGGEST     0.2000     0.1333     0.1600       3.00
     SUSTAIN     0.0000     0.0000     0.0000       3.00
      UNSURE     0.2348     0.2067     0.2194      30.00
        WISH     0.5000     0.3000     0.3667       2.00
expressEMOJI     0.9909     1.0000     0.9953      21.00

    accuracy                           0.7327     392.00
   macro avg     0.5591     0.4988     0.5184     392.00
weighted avg     0.7175     0.7327     0.7206     392.00
