dbmdz/bert-base-german-uncased

**************************************************Cross-validation number 1**************************************************

              precision    recall  f1-score   support

     ADDRESS     1.0000    0.9867    0.9933        75
       AGREE     0.0000    0.0000    0.0000         3
      ASSERT     0.7153    0.8305    0.7686       118
  COMMISSIVE     1.0000    0.7500    0.8571         4
    COMPLAIN     0.5179    0.5686    0.5421        51
    EXCLUDED     0.2500    0.3333    0.2857         3
       GUESS     0.6000    0.6000    0.6000         5
       OTHER     0.8125    0.8667    0.8387        15
     PREDICT     0.5000    0.1429    0.2222         7
     REJOICE     0.0000    0.0000    0.0000         3
     REQUEST     0.9032    0.8485    0.8750        33
     REQUIRE     0.8333    0.6250    0.7143        16
     SUGGEST     0.0000    0.0000    0.0000         3
     SUSTAIN     0.0000    0.0000    0.0000         3
      UNSURE     0.2692    0.2333    0.2500        30
        WISH     1.0000    0.5000    0.6667         2
expressEMOJI     0.9545    1.0000    0.9767        21

    accuracy                         0.7372       392
   macro avg     0.5504    0.4874    0.5053       392
weighted avg     0.7207    0.7372    0.7243       392

**************************************************Cross-validation number 2**************************************************

              precision    recall  f1-score   support

     ADDRESS     1.0000    1.0000    1.0000        75
       AGREE     0.0000    0.0000    0.0000         3
      ASSERT     0.6503    0.7881    0.7126       118
  COMMISSIVE     0.6667    0.5000    0.5714         4
    COMPLAIN     0.6250    0.5882    0.6061        51
    EXCLUDED     0.3333    0.6667    0.4444         3
       GUESS     0.5000    0.4000    0.4444         5
       OTHER     0.9167    0.7333    0.8148        15
     PREDICT     0.6000    0.4286    0.5000         7
     REJOICE     0.0000    0.0000    0.0000         3
     REQUEST     1.0000    0.8788    0.9355        33
     REQUIRE     0.6667    0.6250    0.6452        16
     SUGGEST     0.0000    0.0000    0.0000         3
     SUSTAIN     0.0000    0.0000    0.0000         3
      UNSURE     0.1923    0.1667    0.1786        30
        WISH     1.0000    0.5000    0.6667         2
expressEMOJI     1.0000    1.0000    1.0000        21

    accuracy                         0.7245       392
   macro avg     0.5383    0.4868    0.5012       392
weighted avg     0.7147    0.7245    0.7154       392

**************************************************Cross-validation number 3**************************************************

              precision    recall  f1-score   support

     ADDRESS     1.0000    0.9867    0.9933        75
       AGREE     0.0000    0.0000    0.0000         3
      ASSERT     0.6694    0.7034    0.6860       118
  COMMISSIVE     0.6667    0.5000    0.5714         4
    COMPLAIN     0.5490    0.5490    0.5490        51
    EXCLUDED     0.6667    0.6667    0.6667         3
       GUESS     0.5000    0.4000    0.4444         5
       OTHER     1.0000    0.8667    0.9286        15
     PREDICT     0.5000    0.4286    0.4615         7
     REJOICE     0.5000    0.3333    0.4000         3
     REQUEST     0.8857    0.9394    0.9118        33
     REQUIRE     0.7143    0.3125    0.4348        16
     SUGGEST     0.0000    0.0000    0.0000         3
     SUSTAIN     0.0000    0.0000    0.0000         3
      UNSURE     0.1860    0.2667    0.2192        30
        WISH     0.5000    1.0000    0.6667         2
expressEMOJI     1.0000    1.0000    1.0000        21

    accuracy                         0.7015       392
   macro avg     0.5493    0.5266    0.5255       392
weighted avg     0.7076    0.7015    0.6996       392

**************************************************Cross-validation number 4**************************************************

              precision    recall  f1-score   support

     ADDRESS     1.0000    0.9867    0.9933        75
       AGREE     0.0000    0.0000    0.0000         3
      ASSERT     0.6765    0.7797    0.7244       118
  COMMISSIVE     1.0000    0.7500    0.8571         4
    COMPLAIN     0.4783    0.4314    0.4536        51
    EXCLUDED     1.0000    0.3333    0.5000         3
       GUESS     0.2857    0.4000    0.3333         5
       OTHER     0.9333    0.9333    0.9333        15
     PREDICT     0.6250    0.7143    0.6667         7
     REJOICE     0.0000    0.0000    0.0000         3
     REQUEST     0.8710    0.8182    0.8438        33
     REQUIRE     0.6000    0.7500    0.6667        16
     SUGGEST     1.0000    0.3333    0.5000         3
     SUSTAIN     0.5000    0.3333    0.4000         3
      UNSURE     0.2593    0.2333    0.2456        30
        WISH     1.0000    0.5000    0.6667         2
expressEMOJI     1.0000    0.9524    0.9756        21

    accuracy                         0.7194       392
   macro avg     0.6605    0.5441    0.5741       392
weighted avg     0.7134    0.7194    0.7112       392

**************************************************Cross-validation number 5**************************************************

              precision    recall  f1-score   support

     ADDRESS     1.0000    1.0000    1.0000        75
       AGREE     0.0000    0.0000    0.0000         3
      ASSERT     0.6596    0.7881    0.7181       118
  COMMISSIVE     1.0000    0.7500    0.8571         4
    COMPLAIN     0.5306    0.5098    0.5200        51
    EXCLUDED     0.5000    0.3333    0.4000         3
       GUESS     0.6667    0.4000    0.5000         5
       OTHER     0.8333    1.0000    0.9091        15
     PREDICT     0.4545    0.7143    0.5556         7
     REJOICE     0.4000    0.6667    0.5000         3
     REQUEST     0.9630    0.7879    0.8667        33
     REQUIRE     0.8889    0.5000    0.6400        16
     SUGGEST     0.5000    0.3333    0.4000         3
     SUSTAIN     0.0000    0.0000    0.0000         3
      UNSURE     0.1538    0.1333    0.1429        30
        WISH     0.0000    0.0000    0.0000         2
expressEMOJI     1.0000    1.0000    1.0000        21

    accuracy                         0.7194       392
   macro avg     0.5618    0.5245    0.5300       392
weighted avg     0.7110    0.7194    0.7085       392

************************************************Results of 5 fold cross-validation************************************************

              precision     recall   f1-score    support

     ADDRESS     1.0000     0.9920     0.9960      75.00
       AGREE     0.0000     0.0000     0.0000       3.00
      ASSERT     0.6742     0.7780     0.7220     118.00
  COMMISSIVE     0.8667     0.6500     0.7429       4.00
    COMPLAIN     0.5401     0.5294     0.5341      51.00
    EXCLUDED     0.5500     0.4667     0.4594       3.00
       GUESS     0.5105     0.4400     0.4644       5.00
       OTHER     0.8992     0.8800     0.8849      15.00
     PREDICT     0.5359     0.4857     0.4812       7.00
     REJOICE     0.1800     0.2000     0.1800       3.00
     REQUEST     0.9246     0.8545     0.8865      33.00
     REQUIRE     0.7406     0.5625     0.6202      16.00
     SUGGEST     0.3000     0.1333     0.1800       3.00
     SUSTAIN     0.1000     0.0667     0.0800       3.00
      UNSURE     0.2121     0.2067     0.2072      30.00
        WISH     0.7000     0.5000     0.5333       2.00
expressEMOJI     0.9909     0.9905     0.9905      21.00

    accuracy                           0.7204     392.00
   macro avg     0.5720     0.5139     0.5272     392.00
weighted avg     0.7135     0.7204     0.7118     392.00
