dbmdz/bert-base-german-cased

**************************************************Cross-validation number 1**************************************************

              precision    recall  f1-score   support

     ADDRESS     1.0000    0.9867    0.9933        75
       AGREE     0.3333    0.3333    0.3333         3
      ASSERT     0.6901    0.8305    0.7538       118
  COMMISSIVE     0.6000    0.7500    0.6667         4
    COMPLAIN     0.4655    0.5294    0.4954        51
    EXCLUDED     0.5000    0.6667    0.5714         3
       GUESS     0.6000    0.6000    0.6000         5
       OTHER     0.8125    0.8667    0.8387        15
     PREDICT     0.6667    0.2857    0.4000         7
     REJOICE     0.0000    0.0000    0.0000         3
     REQUEST     0.9000    0.8182    0.8571        33
     REQUIRE     0.6154    0.5000    0.5517        16
     SUGGEST     1.0000    0.3333    0.5000         3
     SUSTAIN     0.0000    0.0000    0.0000         3
      UNSURE     0.2857    0.1333    0.1818        30
        WISH     1.0000    0.5000    0.6667         2
expressEMOJI     1.0000    1.0000    1.0000        21

    accuracy                         0.7270       392
   macro avg     0.6158    0.5373    0.5535       392
weighted avg     0.7119    0.7270    0.7114       392

**************************************************Cross-validation number 2**************************************************

              precision    recall  f1-score   support

     ADDRESS     1.0000    1.0000    1.0000        75
       AGREE     0.0000    0.0000    0.0000         3
      ASSERT     0.6143    0.7288    0.6667       118
  COMMISSIVE     1.0000    0.5000    0.6667         4
    COMPLAIN     0.4844    0.6078    0.5391        51
    EXCLUDED     0.6667    0.6667    0.6667         3
       GUESS     0.4000    0.4000    0.4000         5
       OTHER     0.7857    0.7333    0.7586        15
     PREDICT     0.6667    0.2857    0.4000         7
     REJOICE     0.0000    0.0000    0.0000         3
     REQUEST     0.9655    0.8485    0.9032        33
     REQUIRE     0.8000    0.5000    0.6154        16
     SUGGEST     0.0000    0.0000    0.0000         3
     SUSTAIN     0.0000    0.0000    0.0000         3
      UNSURE     0.2857    0.2000    0.2353        30
        WISH     0.5000    0.5000    0.5000         2
expressEMOJI     1.0000    1.0000    1.0000        21

    accuracy                         0.7015       392
   macro avg     0.5393    0.4689    0.4913       392
weighted avg     0.6936    0.7015    0.6906       392

**************************************************Cross-validation number 3**************************************************

              precision    recall  f1-score   support

     ADDRESS     1.0000    0.9867    0.9933        75
       AGREE     1.0000    0.3333    0.5000         3
      ASSERT     0.7054    0.7712    0.7368       118
  COMMISSIVE     0.5000    0.5000    0.5000         4
    COMPLAIN     0.5410    0.6471    0.5893        51
    EXCLUDED     0.6667    0.6667    0.6667         3
       GUESS     1.0000    0.2000    0.3333         5
       OTHER     0.8125    0.8667    0.8387        15
     PREDICT     0.5714    0.5714    0.5714         7
     REJOICE     0.5000    0.3333    0.4000         3
     REQUEST     0.8857    0.9394    0.9118        33
     REQUIRE     0.5000    0.3125    0.3846        16
     SUGGEST     0.0000    0.0000    0.0000         3
     SUSTAIN     0.0000    0.0000    0.0000         3
      UNSURE     0.3571    0.3333    0.3448        30
        WISH     1.0000    1.0000    1.0000         2
expressEMOJI     1.0000    0.9048    0.9500        21

    accuracy                         0.7372       392
   macro avg     0.6494    0.5510    0.5718       392
weighted avg     0.7308    0.7372    0.7270       392

**************************************************Cross-validation number 4**************************************************

              precision    recall  f1-score   support

     ADDRESS     1.0000    0.9867    0.9933        75
       AGREE     0.0000    0.0000    0.0000         3
      ASSERT     0.6667    0.8644    0.7528       118
  COMMISSIVE     1.0000    0.7500    0.8571         4
    COMPLAIN     0.5500    0.4314    0.4835        51
    EXCLUDED     1.0000    0.6667    0.8000         3
       GUESS     0.5000    0.2000    0.2857         5
       OTHER     1.0000    0.9333    0.9655        15
     PREDICT     0.5000    0.5714    0.5333         7
     REJOICE     0.5000    0.3333    0.4000         3
     REQUEST     0.9032    0.8485    0.8750        33
     REQUIRE     0.7333    0.6875    0.7097        16
     SUGGEST     0.3333    0.3333    0.3333         3
     SUSTAIN     0.0000    0.0000    0.0000         3
      UNSURE     0.3333    0.2333    0.2745        30
        WISH     0.5000    0.5000    0.5000         2
expressEMOJI     1.0000    1.0000    1.0000        21

    accuracy                         0.7449       392
   macro avg     0.6188    0.5494    0.5743       392
weighted avg     0.7290    0.7449    0.7299       392

**************************************************Cross-validation number 5**************************************************

              precision    recall  f1-score   support

     ADDRESS     1.0000    1.0000    1.0000        75
       AGREE     0.0000    0.0000    0.0000         3
      ASSERT     0.6667    0.7797    0.7188       118
  COMMISSIVE     0.6000    0.7500    0.6667         4
    COMPLAIN     0.5273    0.5686    0.5472        51
    EXCLUDED     0.3333    0.3333    0.3333         3
       GUESS     0.5000    0.4000    0.4444         5
       OTHER     0.8333    1.0000    0.9091        15
     PREDICT     0.7143    0.7143    0.7143         7
     REJOICE     1.0000    0.3333    0.5000         3
     REQUEST     0.9259    0.7576    0.8333        33
     REQUIRE     0.4167    0.3125    0.3571        16
     SUGGEST     0.0000    0.0000    0.0000         3
     SUSTAIN     0.0000    0.0000    0.0000         3
      UNSURE     0.2174    0.1667    0.1887        30
        WISH     0.0000    0.0000    0.0000         2
expressEMOJI     1.0000    1.0000    1.0000        21

    accuracy                         0.7117       392
   macro avg     0.5138    0.4774    0.4831       392
weighted avg     0.6931    0.7117    0.6980       392

************************************************Results of 5 fold cross-validation************************************************

              precision     recall   f1-score    support

     ADDRESS     1.0000     0.9920     0.9960      75.00
       AGREE     0.2667     0.1333     0.1667       3.00
      ASSERT     0.6686     0.7949     0.7258     118.00
  COMMISSIVE     0.7400     0.6500     0.6714       4.00
    COMPLAIN     0.5136     0.5569     0.5309      51.00
    EXCLUDED     0.6333     0.6000     0.6076       3.00
       GUESS     0.6000     0.3600     0.4127       5.00
       OTHER     0.8488     0.8800     0.8621      15.00
     PREDICT     0.6238     0.4857     0.5238       7.00
     REJOICE     0.4000     0.2000     0.2600       3.00
     REQUEST     0.9161     0.8424     0.8761      33.00
     REQUIRE     0.6131     0.4625     0.5237      16.00
     SUGGEST     0.2667     0.1333     0.1667       3.00
     SUSTAIN     0.0000     0.0000     0.0000       3.00
      UNSURE     0.2959     0.2133     0.2450      30.00
        WISH     0.6000     0.5000     0.5333       2.00
expressEMOJI     1.0000     0.9810     0.9900      21.00

    accuracy                           0.7245     392.00
   macro avg     0.5874     0.5168     0.5348     392.00
weighted avg     0.7117     0.7245     0.7114     392.00
