deepset/gbert-base

**************************************************Cross-validation number 1**************************************************

              precision    recall  f1-score   support

     ADDRESS     1.0000    0.9867    0.9933        75
       AGREE     0.2500    0.3333    0.2857         3
      ASSERT     0.7077    0.7797    0.7419       118
  COMMISSIVE     0.7500    0.7500    0.7500         4
    COMPLAIN     0.5577    0.5686    0.5631        51
    EXCLUDED     0.4000    0.6667    0.5000         3
       GUESS     0.7500    0.6000    0.6667         5
       OTHER     0.8667    0.8667    0.8667        15
     PREDICT     0.3333    0.1429    0.2000         7
     REJOICE     0.0000    0.0000    0.0000         3
     REQUEST     0.8750    0.8485    0.8615        33
     REQUIRE     0.8333    0.6250    0.7143        16
     SUGGEST     0.5000    0.3333    0.4000         3
     SUSTAIN     0.5000    0.3333    0.4000         3
      UNSURE     0.2333    0.2333    0.2333        30
        WISH     0.5000    0.5000    0.5000         2
expressEMOJI     1.0000    1.0000    1.0000        21

    accuracy                         0.7321       392
   macro avg     0.5916    0.5628    0.5692       392
weighted avg     0.7275    0.7321    0.7273       392

**************************************************Cross-validation number 2**************************************************

              precision    recall  f1-score   support

     ADDRESS     1.0000    1.0000    1.0000        75
       AGREE     1.0000    0.3333    0.5000         3
      ASSERT     0.6719    0.7288    0.6992       118
  COMMISSIVE     0.6667    0.5000    0.5714         4
    COMPLAIN     0.5172    0.5882    0.5505        51
    EXCLUDED     1.0000    0.6667    0.8000         3
       GUESS     0.3333    0.4000    0.3636         5
       OTHER     0.7857    0.7333    0.7586        15
     PREDICT     0.6667    0.2857    0.4000         7
     REJOICE     0.0000    0.0000    0.0000         3
     REQUEST     1.0000    0.8788    0.9355        33
     REQUIRE     0.7059    0.7500    0.7273        16
     SUGGEST     0.2000    0.3333    0.2500         3
     SUSTAIN     0.0000    0.0000    0.0000         3
      UNSURE     0.1739    0.1333    0.1509        30
        WISH     0.5000    0.5000    0.5000         2
expressEMOJI     1.0000    1.0000    1.0000        21

    accuracy                         0.7117       392
   macro avg     0.6013    0.5195    0.5416       392
weighted avg     0.7132    0.7117    0.7080       392

**************************************************Cross-validation number 3**************************************************

              precision    recall  f1-score   support

     ADDRESS     1.0000    0.9867    0.9933        75
       AGREE     1.0000    0.3333    0.5000         3
      ASSERT     0.7109    0.7712    0.7398       118
  COMMISSIVE     1.0000    0.5000    0.6667         4
    COMPLAIN     0.5152    0.6667    0.5812        51
    EXCLUDED     1.0000    0.6667    0.8000         3
       GUESS     0.3333    0.2000    0.2500         5
       OTHER     1.0000    0.8667    0.9286        15
     PREDICT     0.5000    0.4286    0.4615         7
     REJOICE     1.0000    0.3333    0.5000         3
     REQUEST     0.8158    0.9394    0.8732        33
     REQUIRE     0.7143    0.3125    0.4348        16
     SUGGEST     0.0000    0.0000    0.0000         3
     SUSTAIN     0.0000    0.0000    0.0000         3
      UNSURE     0.3077    0.2667    0.2857        30
        WISH     0.0000    0.0000    0.0000         2
expressEMOJI     1.0000    1.0000    1.0000        21

    accuracy                         0.7321       392
   macro avg     0.6410    0.4866    0.5303       392
weighted avg     0.7319    0.7321    0.7226       392

**************************************************Cross-validation number 4**************************************************

              precision    recall  f1-score   support

     ADDRESS     1.0000    0.9867    0.9933        75
       AGREE     0.5000    0.3333    0.4000         3
      ASSERT     0.7209    0.7881    0.7530       118
  COMMISSIVE     0.6000    0.7500    0.6667         4
    COMPLAIN     0.4918    0.5882    0.5357        51
    EXCLUDED     1.0000    0.3333    0.5000         3
       GUESS     0.3333    0.4000    0.3636         5
       OTHER     0.9333    0.9333    0.9333        15
     PREDICT     0.6364    1.0000    0.7778         7
     REJOICE     1.0000    0.3333    0.5000         3
     REQUEST     0.8667    0.7879    0.8254        33
     REQUIRE     0.5000    0.4375    0.4667        16
     SUGGEST     0.2500    0.3333    0.2857         3
     SUSTAIN     0.0000    0.0000    0.0000         3
      UNSURE     0.3529    0.2000    0.2553        30
        WISH     1.0000    0.5000    0.6667         2
expressEMOJI     1.0000    1.0000    1.0000        21

    accuracy                         0.7347       392
   macro avg     0.6580    0.5709    0.5837       392
weighted avg     0.7299    0.7347    0.7254       392

**************************************************Cross-validation number 5**************************************************

              precision    recall  f1-score   support

     ADDRESS     1.0000    1.0000    1.0000        75
       AGREE     1.0000    0.3333    0.5000         3
      ASSERT     0.6591    0.7373    0.6960       118
  COMMISSIVE     1.0000    0.7500    0.8571         4
    COMPLAIN     0.4464    0.4902    0.4673        51
    EXCLUDED     0.5000    0.3333    0.4000         3
       GUESS     0.5000    0.4000    0.4444         5
       OTHER     0.7895    1.0000    0.8824        15
     PREDICT     0.5556    0.7143    0.6250         7
     REJOICE     0.3333    0.3333    0.3333         3
     REQUEST     0.9615    0.7576    0.8475        33
     REQUIRE     0.8889    0.5000    0.6400        16
     SUGGEST     0.3333    0.3333    0.3333         3
     SUSTAIN     0.2000    0.3333    0.2500         3
      UNSURE     0.1739    0.1333    0.1509        30
        WISH     1.0000    0.5000    0.6667         2
expressEMOJI     1.0000    1.0000    1.0000        21

    accuracy                         0.7041       392
   macro avg     0.6672    0.5676    0.5938       392
weighted avg     0.7118    0.7041    0.7009       392

************************************************Results of 5 fold cross-validation************************************************

              precision     recall   f1-score    support

     ADDRESS     1.0000     0.9920     0.9960      75.00
       AGREE     0.7500     0.3333     0.4371       3.00
      ASSERT     0.6941     0.7610     0.7260     118.00
  COMMISSIVE     0.8033     0.6500     0.7024       4.00
    COMPLAIN     0.5057     0.5804     0.5396      51.00
    EXCLUDED     0.7800     0.5333     0.6000       3.00
       GUESS     0.4500     0.4000     0.4177       5.00
       OTHER     0.8750     0.8800     0.8739      15.00
     PREDICT     0.5384     0.5143     0.4929       7.00
     REJOICE     0.4667     0.2000     0.2667       3.00
     REQUEST     0.9038     0.8424     0.8686      33.00
     REQUIRE     0.7285     0.5250     0.5966      16.00
     SUGGEST     0.2567     0.2667     0.2538       3.00
     SUSTAIN     0.1400     0.1333     0.1300       3.00
      UNSURE     0.2484     0.1933     0.2153      30.00
        WISH     0.6000     0.4000     0.4667       2.00
expressEMOJI     1.0000     1.0000     1.0000      21.00

    accuracy                           0.7230     392.00
   macro avg     0.6318     0.5415     0.5637     392.00
weighted avg     0.7229     0.7230     0.7168     392.00
