dbmdz/bert-base-german-cased

**************************************************Cross-validation number 1**************************************************

              precision    recall  f1-score   support

     ADDRESS     1.0000    0.9867    0.9933        75
       AGREE     0.0000    0.0000    0.0000         3
      ASSERT     0.6692    0.7373    0.7016       118
  COMMISSIVE     1.0000    0.7500    0.8571         4
    COMPLAIN     0.3939    0.5098    0.4444        51
    EXCLUDED     0.5000    0.6667    0.5714         3
       GUESS     1.0000    0.4000    0.5714         5
       OTHER     0.8125    0.8667    0.8387        15
     PREDICT     0.6667    0.2857    0.4000         7
     REJOICE     0.0000    0.0000    0.0000         3
     REQUEST     0.9032    0.8485    0.8750        33
     REQUIRE     0.6429    0.5625    0.6000        16
     SUGGEST     1.0000    0.3333    0.5000         3
     SUSTAIN     0.3333    0.3333    0.3333         3
      UNSURE     0.3158    0.2000    0.2449        30
        WISH     0.5000    0.5000    0.5000         2
expressEMOJI     1.0000    1.0000    1.0000        21

    accuracy                         0.7041       392
   macro avg     0.6316    0.5283    0.5548       392
weighted avg     0.7066    0.7041    0.6981       392

**************************************************Cross-validation number 2**************************************************

              precision    recall  f1-score   support

     ADDRESS     1.0000    1.0000    1.0000        75
       AGREE     0.0000    0.0000    0.0000         3
      ASSERT     0.6233    0.7712    0.6894       118
  COMMISSIVE     1.0000    0.5000    0.6667         4
    COMPLAIN     0.5306    0.5098    0.5200        51
    EXCLUDED     0.5000    0.3333    0.4000         3
       GUESS     0.2857    0.4000    0.3333         5
       OTHER     0.7857    0.7333    0.7586        15
     PREDICT     1.0000    0.2857    0.4444         7
     REJOICE     0.0000    0.0000    0.0000         3
     REQUEST     0.8788    0.8788    0.8788        33
     REQUIRE     0.7143    0.6250    0.6667        16
     SUGGEST     0.0000    0.0000    0.0000         3
     SUSTAIN     0.3333    0.3333    0.3333         3
      UNSURE     0.1875    0.1000    0.1304        30
        WISH     0.2500    0.5000    0.3333         2
expressEMOJI     1.0000    1.0000    1.0000        21

    accuracy                         0.7015       392
   macro avg     0.5347    0.4689    0.4797       392
weighted avg     0.6885    0.7015    0.6866       392

**************************************************Cross-validation number 3**************************************************

              precision    recall  f1-score   support

     ADDRESS     1.0000    0.9867    0.9933        75
       AGREE     1.0000    0.3333    0.5000         3
      ASSERT     0.6622    0.8305    0.7368       118
  COMMISSIVE     1.0000    0.5000    0.6667         4
    COMPLAIN     0.5000    0.5294    0.5143        51
    EXCLUDED     1.0000    0.6667    0.8000         3
       GUESS     1.0000    0.2000    0.3333         5
       OTHER     0.9286    0.8667    0.8966        15
     PREDICT     0.5000    0.4286    0.4615         7
     REJOICE     1.0000    0.3333    0.5000         3
     REQUEST     0.8611    0.9394    0.8986        33
     REQUIRE     0.6667    0.5000    0.5714        16
     SUGGEST     0.0000    0.0000    0.0000         3
     SUSTAIN     0.0000    0.0000    0.0000         3
      UNSURE     0.3333    0.2000    0.2500        30
        WISH     1.0000    1.0000    1.0000         2
expressEMOJI     1.0000    1.0000    1.0000        21

    accuracy                         0.7398       392
   macro avg     0.7325    0.5479    0.5954       392
weighted avg     0.7300    0.7398    0.7229       392

**************************************************Cross-validation number 4**************************************************

              precision    recall  f1-score   support

     ADDRESS     1.0000    0.9867    0.9933        75
       AGREE     0.0000    0.0000    0.0000         3
      ASSERT     0.6449    0.7542    0.6953       118
  COMMISSIVE     1.0000    0.7500    0.8571         4
    COMPLAIN     0.4643    0.5098    0.4860        51
    EXCLUDED     1.0000    0.6667    0.8000         3
       GUESS     0.2500    0.2000    0.2222         5
       OTHER     0.8750    0.9333    0.9032        15
     PREDICT     0.5000    0.5714    0.5333         7
     REJOICE     0.2500    0.3333    0.2857         3
     REQUEST     0.9032    0.8485    0.8750        33
     REQUIRE     0.6875    0.6875    0.6875        16
     SUGGEST     0.5000    0.3333    0.4000         3
     SUSTAIN     0.0000    0.0000    0.0000         3
      UNSURE     0.2500    0.1333    0.1739        30
        WISH     1.0000    0.5000    0.6667         2
expressEMOJI     1.0000    1.0000    1.0000        21

    accuracy                         0.7143       392
   macro avg     0.6073    0.5417    0.5635       392
weighted avg     0.6970    0.7143    0.7016       392

**************************************************Cross-validation number 5**************************************************

              precision    recall  f1-score   support

     ADDRESS     1.0000    1.0000    1.0000        75
       AGREE     1.0000    0.3333    0.5000         3
      ASSERT     0.6809    0.8136    0.7413       118
  COMMISSIVE     0.6000    0.7500    0.6667         4
    COMPLAIN     0.5532    0.5098    0.5306        51
    EXCLUDED     0.2500    0.3333    0.2857         3
       GUESS     0.5000    0.4000    0.4444         5
       OTHER     0.8824    1.0000    0.9375        15
     PREDICT     0.6667    0.5714    0.6154         7
     REJOICE     1.0000    0.3333    0.5000         3
     REQUEST     0.9630    0.7879    0.8667        33
     REQUIRE     0.6364    0.4375    0.5185        16
     SUGGEST     0.5000    0.3333    0.4000         3
     SUSTAIN     1.0000    0.3333    0.5000         3
      UNSURE     0.2069    0.2000    0.2034        30
        WISH     0.0000    0.0000    0.0000         2
expressEMOJI     1.0000    1.0000    1.0000        21

    accuracy                         0.7296       392
   macro avg     0.6729    0.5375    0.5712       392
weighted avg     0.7316    0.7296    0.7228       392

************************************************Results of 5 fold cross-validation************************************************

              precision     recall   f1-score    support

     ADDRESS     1.0000     0.9920     0.9960      75.00
       AGREE     0.4000     0.1333     0.2000       3.00
      ASSERT     0.6561     0.7814     0.7129     118.00
  COMMISSIVE     0.9200     0.6500     0.7429       4.00
    COMPLAIN     0.4884     0.5137     0.4991      51.00
    EXCLUDED     0.6500     0.5333     0.5714       3.00
       GUESS     0.6071     0.3200     0.3810       5.00
       OTHER     0.8568     0.8800     0.8669      15.00
     PREDICT     0.6667     0.4286     0.4909       7.00
     REJOICE     0.4500     0.2000     0.2571       3.00
     REQUEST     0.9019     0.8606     0.8788      33.00
     REQUIRE     0.6695     0.5625     0.6088      16.00
     SUGGEST     0.4000     0.2000     0.2600       3.00
     SUSTAIN     0.3333     0.2000     0.2333       3.00
      UNSURE     0.2587     0.1667     0.2005      30.00
        WISH     0.5500     0.5000     0.5000       2.00
expressEMOJI     1.0000     1.0000     1.0000      21.00

    accuracy                           0.7179     392.00
   macro avg     0.6358     0.5248     0.5529     392.00
weighted avg     0.7107     0.7179     0.7064     392.00
