dbmdz/bert-base-german-uncased

**************************************************Cross-validation number 1**************************************************

              precision    recall  f1-score   support

     ADDRESS     1.0000    0.9867    0.9933        75
       AGREE     0.0000    0.0000    0.0000         3
      ASSERT     0.6950    0.8305    0.7568       118
  COMMISSIVE     1.0000    0.7500    0.8571         4
    COMPLAIN     0.4576    0.5294    0.4909        51
    EXCLUDED     0.5000    0.3333    0.4000         3
       GUESS     0.6000    0.6000    0.6000         5
       OTHER     0.7778    0.9333    0.8485        15
     PREDICT     0.3333    0.1429    0.2000         7
     REJOICE     0.0000    0.0000    0.0000         3
     REQUEST     0.9032    0.8485    0.8750        33
     REQUIRE     0.7143    0.6250    0.6667        16
     SUGGEST     0.5000    0.3333    0.4000         3
     SUSTAIN     0.0000    0.0000    0.0000         3
      UNSURE     0.2857    0.1333    0.1818        30
        WISH     1.0000    0.5000    0.6667         2
expressEMOJI     1.0000    1.0000    1.0000        21

    accuracy                         0.7296       392
   macro avg     0.5745    0.5027    0.5257       392
weighted avg     0.7070    0.7296    0.7120       392

**************************************************Cross-validation number 2**************************************************

              precision    recall  f1-score   support

     ADDRESS     1.0000    1.0000    1.0000        75
       AGREE     0.0000    0.0000    0.0000         3
      ASSERT     0.6667    0.7627    0.7115       118
  COMMISSIVE     0.6667    0.5000    0.5714         4
    COMPLAIN     0.5714    0.6275    0.5981        51
    EXCLUDED     1.0000    0.3333    0.5000         3
       GUESS     0.5000    0.4000    0.4444         5
       OTHER     0.7857    0.7333    0.7586        15
     PREDICT     0.7500    0.4286    0.5455         7
     REJOICE     0.5000    0.3333    0.4000         3
     REQUEST     0.9667    0.8788    0.9206        33
     REQUIRE     0.6111    0.6875    0.6471        16
     SUGGEST     0.0000    0.0000    0.0000         3
     SUSTAIN     0.0000    0.0000    0.0000         3
      UNSURE     0.2174    0.1667    0.1887        30
        WISH     0.3333    0.5000    0.4000         2
expressEMOJI     1.0000    1.0000    1.0000        21

    accuracy                         0.7245       392
   macro avg     0.5629    0.4913    0.5109       392
weighted avg     0.7127    0.7245    0.7144       392

**************************************************Cross-validation number 3**************************************************

              precision    recall  f1-score   support

     ADDRESS     1.0000    0.9867    0.9933        75
       AGREE     1.0000    0.3333    0.5000         3
      ASSERT     0.7029    0.8220    0.7578       118
  COMMISSIVE     1.0000    0.5000    0.6667         4
    COMPLAIN     0.5385    0.5490    0.5437        51
    EXCLUDED     1.0000    0.6667    0.8000         3
       GUESS     0.6667    0.4000    0.5000         5
       OTHER     1.0000    0.8667    0.9286        15
     PREDICT     0.6000    0.4286    0.5000         7
     REJOICE     0.5000    0.3333    0.4000         3
     REQUEST     0.8857    0.9394    0.9118        33
     REQUIRE     0.7273    0.5000    0.5926        16
     SUGGEST     0.0000    0.0000    0.0000         3
     SUSTAIN     1.0000    0.6667    0.8000         3
      UNSURE     0.2222    0.2000    0.2105        30
        WISH     0.6667    1.0000    0.8000         2
expressEMOJI     1.0000    1.0000    1.0000        21

    accuracy                         0.7474       392
   macro avg     0.7359    0.5996    0.6415       392
weighted avg     0.7457    0.7474    0.7404       392

**************************************************Cross-validation number 4**************************************************

              precision    recall  f1-score   support

     ADDRESS     1.0000    0.9867    0.9933        75
       AGREE     0.0000    0.0000    0.0000         3
      ASSERT     0.7080    0.8220    0.7608       118
  COMMISSIVE     1.0000    0.7500    0.8571         4
    COMPLAIN     0.4792    0.4510    0.4646        51
    EXCLUDED     1.0000    0.3333    0.5000         3
       GUESS     0.6667    0.4000    0.5000         5
       OTHER     1.0000    0.9333    0.9655        15
     PREDICT     0.6250    0.7143    0.6667         7
     REJOICE     1.0000    0.3333    0.5000         3
     REQUEST     0.9032    0.8485    0.8750        33
     REQUIRE     0.6316    0.7500    0.6857        16
     SUGGEST     1.0000    0.3333    0.5000         3
     SUSTAIN     0.0000    0.0000    0.0000         3
      UNSURE     0.3214    0.3000    0.3103        30
        WISH     1.0000    0.5000    0.6667         2
expressEMOJI     1.0000    1.0000    1.0000        21

    accuracy                         0.7449       392
   macro avg     0.7256    0.5562    0.6027       392
weighted avg     0.7430    0.7449    0.7373       392

**************************************************Cross-validation number 5**************************************************

              precision    recall  f1-score   support

     ADDRESS     1.0000    1.0000    1.0000        75
       AGREE     0.0000    0.0000    0.0000         3
      ASSERT     0.6853    0.8305    0.7510       118
  COMMISSIVE     0.6000    0.7500    0.6667         4
    COMPLAIN     0.5385    0.5490    0.5437        51
    EXCLUDED     0.5000    0.3333    0.4000         3
       GUESS     0.5000    0.4000    0.4444         5
       OTHER     0.9375    1.0000    0.9677        15
     PREDICT     0.5000    0.5714    0.5333         7
     REJOICE     0.2000    0.3333    0.2500         3
     REQUEST     1.0000    0.7879    0.8814        33
     REQUIRE     0.7692    0.6250    0.6897        16
     SUGGEST     0.5000    0.3333    0.4000         3
     SUSTAIN     0.0000    0.0000    0.0000         3
      UNSURE     0.1765    0.1000    0.1277        30
        WISH     0.0000    0.0000    0.0000         2
expressEMOJI     1.0000    1.0000    1.0000        21

    accuracy                         0.7347       392
   macro avg     0.5239    0.5067    0.5091       392
weighted avg     0.7168    0.7347    0.7209       392

************************************************Results of 5 fold cross-validation************************************************

              precision     recall   f1-score    support

     ADDRESS     1.0000     0.9920     0.9960      75.00
       AGREE     0.2000     0.0667     0.1000       3.00
      ASSERT     0.6916     0.8136     0.7476     118.00
  COMMISSIVE     0.8533     0.6500     0.7238       4.00
    COMPLAIN     0.5170     0.5412     0.5282      51.00
    EXCLUDED     0.8000     0.4000     0.5200       3.00
       GUESS     0.5867     0.4400     0.4978       5.00
       OTHER     0.9002     0.8933     0.8938      15.00
     PREDICT     0.5617     0.4571     0.4891       7.00
     REJOICE     0.4400     0.2667     0.3100       3.00
     REQUEST     0.9318     0.8606     0.8928      33.00
     REQUIRE     0.6907     0.6375     0.6563      16.00
     SUGGEST     0.4000     0.2000     0.2600       3.00
     SUSTAIN     0.2000     0.1333     0.1600       3.00
      UNSURE     0.2446     0.1800     0.2038      30.00
        WISH     0.6000     0.5000     0.5067       2.00
expressEMOJI     1.0000     1.0000     1.0000      21.00

    accuracy                           0.7362     392.00
   macro avg     0.6246     0.5313     0.5580     392.00
weighted avg     0.7250     0.7362     0.7250     392.00
