deepset/gbert-base

**************************************************Cross-validation number 1**************************************************

              precision    recall  f1-score   support

     ADDRESS     1.0000    0.9867    0.9933        75
       AGREE     1.0000    0.3333    0.5000         3
      ASSERT     0.6720    0.7119    0.6914       118
  COMMISSIVE     1.0000    0.7500    0.8571         4
    COMPLAIN     0.4035    0.4510    0.4259        51
    EXCLUDED     0.5000    0.6667    0.5714         3
       GUESS     0.7500    0.6000    0.6667         5
       OTHER     0.8125    0.8667    0.8387        15
     PREDICT     0.6667    0.2857    0.4000         7
     REJOICE     0.0000    0.0000    0.0000         3
     REQUEST     0.8966    0.7879    0.8387        33
     REQUIRE     0.5882    0.6250    0.6061        16
     SUGGEST     0.3333    0.3333    0.3333         3
     SUSTAIN     1.0000    0.3333    0.5000         3
      UNSURE     0.1818    0.2000    0.1905        30
        WISH     1.0000    0.5000    0.6667         2
expressEMOJI     1.0000    1.0000    1.0000        21

    accuracy                         0.6913       392
   macro avg     0.6944    0.5548    0.5929       392
weighted avg     0.7026    0.6913    0.6915       392

**************************************************Cross-validation number 2**************************************************

              precision    recall  f1-score   support

     ADDRESS     1.0000    1.0000    1.0000        75
       AGREE     0.3333    0.3333    0.3333         3
      ASSERT     0.6691    0.7881    0.7237       118
  COMMISSIVE     0.6667    0.5000    0.5714         4
    COMPLAIN     0.5536    0.6078    0.5794        51
    EXCLUDED     1.0000    0.3333    0.5000         3
       GUESS     0.2857    0.4000    0.3333         5
       OTHER     0.7857    0.7333    0.7586        15
     PREDICT     0.6667    0.2857    0.4000         7
     REJOICE     0.0000    0.0000    0.0000         3
     REQUEST     1.0000    0.8485    0.9180        33
     REQUIRE     0.5882    0.6250    0.6061        16
     SUGGEST     1.0000    0.3333    0.5000         3
     SUSTAIN     0.5000    0.3333    0.4000         3
      UNSURE     0.2500    0.1667    0.2000        30
        WISH     1.0000    0.5000    0.6667         2
expressEMOJI     1.0000    1.0000    1.0000        21

    accuracy                         0.7270       392
   macro avg     0.6646    0.5170    0.5583       392
weighted avg     0.7248    0.7270    0.7184       392

**************************************************Cross-validation number 3**************************************************

              precision    recall  f1-score   support

     ADDRESS     1.0000    0.9867    0.9933        75
       AGREE     1.0000    0.3333    0.5000         3
      ASSERT     0.7068    0.7966    0.7490       118
  COMMISSIVE     1.0000    0.5000    0.6667         4
    COMPLAIN     0.5781    0.7255    0.6435        51
    EXCLUDED     1.0000    0.6667    0.8000         3
       GUESS     1.0000    0.2000    0.3333         5
       OTHER     0.8667    0.8667    0.8667        15
     PREDICT     0.5000    0.4286    0.4615         7
     REJOICE     1.0000    0.3333    0.5000         3
     REQUEST     0.8857    0.9394    0.9118        33
     REQUIRE     0.7000    0.4375    0.5385        16
     SUGGEST     0.5000    0.3333    0.4000         3
     SUSTAIN     1.0000    0.3333    0.5000         3
      UNSURE     0.3043    0.2333    0.2642        30
        WISH     1.0000    1.0000    1.0000         2
expressEMOJI     1.0000    0.9524    0.9756        21

    accuracy                         0.7577       392
   macro avg     0.8260    0.5922    0.6532       392
weighted avg     0.7639    0.7577    0.7487       392

**************************************************Cross-validation number 4**************************************************

              precision    recall  f1-score   support

     ADDRESS     1.0000    0.9867    0.9933        75
       AGREE     0.5000    0.3333    0.4000         3
      ASSERT     0.6889    0.7881    0.7352       118
  COMMISSIVE     0.7500    0.7500    0.7500         4
    COMPLAIN     0.4737    0.5294    0.5000        51
    EXCLUDED     1.0000    0.3333    0.5000         3
       GUESS     0.2500    0.2000    0.2222         5
       OTHER     0.9333    0.9333    0.9333        15
     PREDICT     0.5000    0.5714    0.5333         7
     REJOICE     0.0000    0.0000    0.0000         3
     REQUEST     0.8750    0.8485    0.8615        33
     REQUIRE     0.5833    0.4375    0.5000        16
     SUGGEST     1.0000    0.3333    0.5000         3
     SUSTAIN     0.0000    0.0000    0.0000         3
      UNSURE     0.2727    0.2000    0.2308        30
        WISH     0.0000    0.0000    0.0000         2
expressEMOJI     0.9545    1.0000    0.9767        21

    accuracy                         0.7168       392
   macro avg     0.5754    0.4850    0.5080       392
weighted avg     0.7044    0.7168    0.7058       392

**************************************************Cross-validation number 5**************************************************

              precision    recall  f1-score   support

     ADDRESS     1.0000    1.0000    1.0000        75
       AGREE     0.3333    0.3333    0.3333         3
      ASSERT     0.6618    0.7627    0.7087       118
  COMMISSIVE     0.7500    0.7500    0.7500         4
    COMPLAIN     0.5098    0.5098    0.5098        51
    EXCLUDED     0.5000    0.3333    0.4000         3
       GUESS     0.5000    0.4000    0.4444         5
       OTHER     0.8333    1.0000    0.9091        15
     PREDICT     0.6667    0.5714    0.6154         7
     REJOICE     1.0000    0.3333    0.5000         3
     REQUEST     1.0000    0.7576    0.8621        33
     REQUIRE     0.6667    0.3750    0.4800        16
     SUGGEST     1.0000    0.3333    0.5000         3
     SUSTAIN     0.0000    0.0000    0.0000         3
      UNSURE     0.1765    0.2000    0.1875        30
        WISH     0.0000    0.0000    0.0000         2
expressEMOJI     1.0000    0.9524    0.9756        21

    accuracy                         0.7041       392
   macro avg     0.6234    0.5066    0.5398       392
weighted avg     0.7148    0.7041    0.7021       392

************************************************Results of 5 fold cross-validation************************************************

              precision     recall   f1-score    support

     ADDRESS     1.0000     0.9920     0.9960      75.00
       AGREE     0.6333     0.3333     0.4133       3.00
      ASSERT     0.6797     0.7695     0.7216     118.00
  COMMISSIVE     0.8333     0.6500     0.7190       4.00
    COMPLAIN     0.5037     0.5647     0.5317      51.00
    EXCLUDED     0.8000     0.4667     0.5543       3.00
       GUESS     0.5571     0.3600     0.4000       5.00
       OTHER     0.8463     0.8800     0.8613      15.00
     PREDICT     0.6000     0.4286     0.4821       7.00
     REJOICE     0.4000     0.1333     0.2000       3.00
     REQUEST     0.9315     0.8364     0.8784      33.00
     REQUIRE     0.6253     0.5000     0.5461      16.00
     SUGGEST     0.7667     0.3333     0.4467       3.00
     SUSTAIN     0.5000     0.2000     0.2800       3.00
      UNSURE     0.2371     0.2000     0.2146      30.00
        WISH     0.6000     0.4000     0.4667       2.00
expressEMOJI     0.9909     0.9810     0.9856      21.00

    accuracy                           0.7194     392.00
   macro avg     0.6768     0.5311     0.5704     392.00
weighted avg     0.7221     0.7194     0.7133     392.00
