meta-llama/Llama-3.2-3B

**************************************************Cross-validation number 1**************************************************

              precision    recall  f1-score   support

     ADDRESS     1.0000    0.9867    0.9933        75
       AGREE     0.0000    0.0000    0.0000         3
      ASSERT     0.6786    0.4831    0.5644       118
  COMMISSIVE     0.5000    0.7500    0.6000         4
    COMPLAIN     0.4355    0.5294    0.4779        51
    EXCLUDED     0.5000    0.6667    0.5714         3
       GUESS     0.3333    0.4000    0.3636         5
       OTHER     0.7857    0.7333    0.7586        15
     PREDICT     0.1000    0.2857    0.1481         7
     REJOICE     0.5000    0.3333    0.4000         3
     REQUEST     0.7429    0.7879    0.7647        33
     REQUIRE     0.2903    0.5625    0.3830        16
     SUGGEST     0.0000    0.0000    0.0000         3
     SUSTAIN     0.0000    0.0000    0.0000         3
      UNSURE     0.2000    0.1333    0.1600        30
        WISH     0.1667    0.5000    0.2500         2
expressEMOJI     0.9545    1.0000    0.9767        21

    accuracy                         0.6122       392
   macro avg     0.4228    0.4795    0.4360       392
weighted avg     0.6428    0.6122    0.6178       392

**************************************************Cross-validation number 2**************************************************

              precision    recall  f1-score   support

     ADDRESS     1.0000    1.0000    1.0000        75
       AGREE     0.2000    0.3333    0.2500         3
      ASSERT     0.6338    0.3814    0.4762       118
  COMMISSIVE     0.6667    0.5000    0.5714         4
    COMPLAIN     0.3538    0.4510    0.3966        51
    EXCLUDED     0.5000    0.6667    0.5714         3
       GUESS     0.0741    0.4000    0.1250         5
       OTHER     0.7333    0.7333    0.7333        15
     PREDICT     0.2000    0.2857    0.2353         7
     REJOICE     0.0000    0.0000    0.0000         3
     REQUEST     0.9667    0.8788    0.9206        33
     REQUIRE     0.2593    0.4375    0.3256        16
     SUGGEST     0.2000    0.3333    0.2500         3
     SUSTAIN     0.0000    0.0000    0.0000         3
      UNSURE     0.1739    0.1333    0.1509        30
        WISH     0.5000    0.5000    0.5000         2
expressEMOJI     1.0000    1.0000    1.0000        21

    accuracy                         0.5765       392
   macro avg     0.4389    0.4726    0.4416       392
weighted avg     0.6358    0.5765    0.5926       392

**************************************************Cross-validation number 3**************************************************

              precision    recall  f1-score   support

     ADDRESS     1.0000    0.9867    0.9933        75
       AGREE     0.0000    0.0000    0.0000         3
      ASSERT     0.6667    0.4576    0.5427       118
  COMMISSIVE     0.1333    0.5000    0.2105         4
    COMPLAIN     0.3824    0.5098    0.4370        51
    EXCLUDED     0.0000    0.0000    0.0000         3
       GUESS     0.0000    0.0000    0.0000         5
       OTHER     0.8571    0.8000    0.8276        15
     PREDICT     0.1667    0.1429    0.1538         7
     REJOICE     0.2500    0.3333    0.2857         3
     REQUEST     0.8571    0.9091    0.8824        33
     REQUIRE     0.3333    0.2500    0.2857        16
     SUGGEST     0.0000    0.0000    0.0000         3
     SUSTAIN     0.0000    0.0000    0.0000         3
      UNSURE     0.3077    0.2667    0.2857        30
        WISH     0.0000    0.0000    0.0000         2
expressEMOJI     1.0000    1.0000    1.0000        21

    accuracy                         0.5944       392
   macro avg     0.3503    0.3621    0.3473       392
weighted avg     0.6437    0.5944    0.6104       392

**************************************************Cross-validation number 4**************************************************

              precision    recall  f1-score   support

     ADDRESS     0.9867    0.9867    0.9867        75
       AGREE     0.0000    0.0000    0.0000         3
      ASSERT     0.6949    0.3475    0.4633       118
  COMMISSIVE     0.7500    0.7500    0.7500         4
    COMPLAIN     0.2976    0.4902    0.3704        51
    EXCLUDED     0.5000    0.3333    0.4000         3
       GUESS     0.0435    0.2000    0.0714         5
       OTHER     1.0000    0.7333    0.8462        15
     PREDICT     0.2000    0.2857    0.2353         7
     REJOICE     0.0000    0.0000    0.0000         3
     REQUEST     0.8214    0.6970    0.7541        33
     REQUIRE     0.0968    0.1875    0.1277        16
     SUGGEST     0.0000    0.0000    0.0000         3
     SUSTAIN     0.0000    0.0000    0.0000         3
      UNSURE     0.1765    0.2000    0.1875        30
        WISH     0.0000    0.0000    0.0000         2
expressEMOJI     1.0000    1.0000    1.0000        21

    accuracy                         0.5383       392
   macro avg     0.3863    0.3654    0.3643       392
weighted avg     0.6307    0.5383    0.5612       392

**************************************************Cross-validation number 5**************************************************

              precision    recall  f1-score   support

     ADDRESS     0.9868    1.0000    0.9934        75
       AGREE     0.3333    0.3333    0.3333         3
      ASSERT     0.6053    0.3898    0.4742       118
  COMMISSIVE     0.4286    0.7500    0.5455         4
    COMPLAIN     0.3646    0.6863    0.4762        51
    EXCLUDED     0.0000    0.0000    0.0000         3
       GUESS     0.1250    0.2000    0.1538         5
       OTHER     0.7647    0.8667    0.8125        15
     PREDICT     0.1250    0.1429    0.1333         7
     REJOICE     0.2000    0.3333    0.2500         3
     REQUEST     0.9286    0.7879    0.8525        33
     REQUIRE     0.5000    0.2500    0.3333        16
     SUGGEST     0.0000    0.0000    0.0000         3
     SUSTAIN     0.0000    0.0000    0.0000         3
      UNSURE     0.1944    0.2333    0.2121        30
        WISH     0.0000    0.0000    0.0000         2
expressEMOJI     1.0000    1.0000    1.0000        21

    accuracy                         0.5969       392
   macro avg     0.3857    0.4102    0.3865       392
weighted avg     0.6270    0.5969    0.5954       392

************************************************Results of 5 fold cross-validation************************************************

              precision     recall   f1-score    support

     ADDRESS     0.9947     0.9920     0.9933      75.00
       AGREE     0.1067     0.1333     0.1167       3.00
      ASSERT     0.6558     0.4119     0.5042     118.00
  COMMISSIVE     0.4957     0.6500     0.5355       4.00
    COMPLAIN     0.3668     0.5333     0.4316      51.00
    EXCLUDED     0.3000     0.3333     0.3086       3.00
       GUESS     0.1152     0.2400     0.1428       5.00
       OTHER     0.8282     0.7733     0.7956      15.00
     PREDICT     0.1583     0.2286     0.1812       7.00
     REJOICE     0.1900     0.2000     0.1871       3.00
     REQUEST     0.8633     0.8121     0.8349      33.00
     REQUIRE     0.2959     0.3375     0.2911      16.00
     SUGGEST     0.0400     0.0667     0.0500       3.00
     SUSTAIN     0.0000     0.0000     0.0000       3.00
      UNSURE     0.2105     0.1933     0.1993      30.00
        WISH     0.1333     0.2000     0.1500       2.00
expressEMOJI     0.9909     1.0000     0.9953      21.00

    accuracy                           0.5837     392.00
   macro avg     0.3968     0.4180     0.3951     392.00
weighted avg     0.6360     0.5837     0.5955     392.00
