DiscoResearch/Llama3-German-8B

**************************************************Cross-validation number 1**************************************************

              precision    recall  f1-score   support

     ADDRESS     1.0000    0.9867    0.9933        75
       AGREE     0.5000    0.3333    0.4000         3
      ASSERT     0.6786    0.6441    0.6609       118
  COMMISSIVE     0.6667    0.5000    0.5714         4
    COMPLAIN     0.5357    0.5882    0.5607        51
    EXCLUDED     1.0000    0.6667    0.8000         3
       GUESS     0.4286    0.6000    0.5000         5
       OTHER     0.7500    0.8000    0.7742        15
     PREDICT     0.3333    0.4286    0.3750         7
     REJOICE     0.2500    0.3333    0.2857         3
     REQUEST     0.8333    0.7576    0.7937        33
     REQUIRE     0.4500    0.5625    0.5000        16
     SUGGEST     0.0000    0.0000    0.0000         3
     SUSTAIN     0.0000    0.0000    0.0000         3
      UNSURE     0.2812    0.3000    0.2903        30
        WISH     0.6667    1.0000    0.8000         2
expressEMOJI     1.0000    1.0000    1.0000        21

    accuracy                         0.6888       392
   macro avg     0.5514    0.5589    0.5474       392
weighted avg     0.6926    0.6888    0.6889       392

**************************************************Cross-validation number 2**************************************************

              precision    recall  f1-score   support

     ADDRESS     1.0000    1.0000    1.0000        75
       AGREE     0.0000    0.0000    0.0000         3
      ASSERT     0.6909    0.3220    0.4393       118
  COMMISSIVE     0.0909    0.5000    0.1538         4
    COMPLAIN     0.3804    0.6863    0.4895        51
    EXCLUDED     0.2500    0.3333    0.2857         3
       GUESS     0.1000    0.2000    0.1333         5
       OTHER     0.6111    0.7333    0.6667        15
     PREDICT     0.1111    0.1429    0.1250         7
     REJOICE     0.0000    0.0000    0.0000         3
     REQUEST     0.7105    0.8182    0.7606        33
     REQUIRE     0.5556    0.3125    0.4000        16
     SUGGEST     0.6667    0.6667    0.6667         3
     SUSTAIN     0.0000    0.0000    0.0000         3
      UNSURE     0.2308    0.2000    0.2143        30
        WISH     0.0000    0.0000    0.0000         2
expressEMOJI     0.9545    1.0000    0.9767        21

    accuracy                         0.5740       392
   macro avg     0.3737    0.4068    0.3713       392
weighted avg     0.6347    0.5740    0.5746       392

**************************************************Cross-validation number 3**************************************************

              precision    recall  f1-score   support

     ADDRESS     0.9867    0.9867    0.9867        75
       AGREE     0.0000    0.0000    0.0000         3
      ASSERT     0.6750    0.4576    0.5455       118
  COMMISSIVE     0.5000    0.5000    0.5000         4
    COMPLAIN     0.5714    0.3922    0.4651        51
    EXCLUDED     0.5000    0.3333    0.4000         3
       GUESS     0.0000    0.0000    0.0000         5
       OTHER     1.0000    0.8000    0.8889        15
     PREDICT     0.2222    0.2857    0.2500         7
     REJOICE     0.0000    0.0000    0.0000         3
     REQUEST     0.6200    0.9394    0.7470        33
     REQUIRE     0.3214    0.5625    0.4091        16
     SUGGEST     0.0000    0.0000    0.0000         3
     SUSTAIN     0.0000    0.0000    0.0000         3
      UNSURE     0.1778    0.2667    0.2133        30
        WISH     0.0000    0.0000    0.0000         2
expressEMOJI     1.0000    1.0000    1.0000        21

    accuracy                         0.5969       392
   macro avg     0.3867    0.3838    0.3768       392
weighted avg     0.6500    0.5969    0.6096       392

**************************************************Cross-validation number 4**************************************************

              precision    recall  f1-score   support

     ADDRESS     0.9867    0.9867    0.9867        75
       AGREE     0.0000    0.0000    0.0000         3
      ASSERT     0.7255    0.3136    0.4379       118
  COMMISSIVE     0.4286    0.7500    0.5455         4
    COMPLAIN     0.3387    0.4118    0.3717        51
    EXCLUDED     0.5000    0.3333    0.4000         3
       GUESS     0.0851    0.8000    0.1538         5
       OTHER     0.9167    0.7333    0.8148        15
     PREDICT     0.1250    0.1429    0.1333         7
     REJOICE     0.0000    0.0000    0.0000         3
     REQUEST     0.8214    0.6970    0.7541        33
     REQUIRE     0.3182    0.4375    0.3684        16
     SUGGEST     0.0000    0.0000    0.0000         3
     SUSTAIN     0.0000    0.0000    0.0000         3
      UNSURE     0.1837    0.3000    0.2278        30
        WISH     0.0000    0.0000    0.0000         2
expressEMOJI     1.0000    1.0000    1.0000        21

    accuracy                         0.5408       392
   macro avg     0.3782    0.4062    0.3644       392
weighted avg     0.6476    0.5408    0.5626       392

**************************************************Cross-validation number 5**************************************************

              precision    recall  f1-score   support

     ADDRESS     1.0000    0.9867    0.9933        75
       AGREE     0.0000    0.0000    0.0000         3
      ASSERT     0.6600    0.2797    0.3929       118
  COMMISSIVE     0.3333    0.7500    0.4615         4
    COMPLAIN     0.3978    0.7255    0.5139        51
    EXCLUDED     0.0000    0.0000    0.0000         3
       GUESS     0.0000    0.0000    0.0000         5
       OTHER     0.6522    1.0000    0.7895        15
     PREDICT     0.0000    0.0000    0.0000         7
     REJOICE     0.0000    0.0000    0.0000         3
     REQUEST     1.0000    0.6970    0.8214        33
     REQUIRE     0.6000    0.3750    0.4615        16
     SUGGEST     0.0556    0.6667    0.1026         3
     SUSTAIN     0.0000    0.0000    0.0000         3
      UNSURE     0.1395    0.2000    0.1644        30
        WISH     0.0000    0.0000    0.0000         2
expressEMOJI     0.9545    1.0000    0.9767        21

    accuracy                         0.5612       392
   macro avg     0.3408    0.3930    0.3340       392
weighted avg     0.6410    0.5612    0.5638       392

************************************************Results of 5 fold cross-validation************************************************

              precision     recall   f1-score    support

     ADDRESS     0.9947     0.9893     0.9920      75.00
       AGREE     0.1000     0.0667     0.0800       3.00
      ASSERT     0.6860     0.4034     0.4953     118.00
  COMMISSIVE     0.4039     0.6000     0.4465       4.00
    COMPLAIN     0.4448     0.5608     0.4802      51.00
    EXCLUDED     0.4500     0.3333     0.3771       3.00
       GUESS     0.1227     0.3200     0.1574       5.00
       OTHER     0.7860     0.8133     0.7868      15.00
     PREDICT     0.1583     0.2000     0.1767       7.00
     REJOICE     0.0500     0.0667     0.0571       3.00
     REQUEST     0.7971     0.7818     0.7753      33.00
     REQUIRE     0.4490     0.4500     0.4278      16.00
     SUGGEST     0.1444     0.2667     0.1538       3.00
     SUSTAIN     0.0000     0.0000     0.0000       3.00
      UNSURE     0.2026     0.2533     0.2220      30.00
        WISH     0.1333     0.2000     0.1600       2.00
expressEMOJI     0.9818     1.0000     0.9907      21.00

    accuracy                           0.5923     392.00
   macro avg     0.4062     0.4297     0.3988     392.00
weighted avg     0.6532     0.5923     0.5999     392.00
